n=20
tau_limit=3.0
initial_state=(0, 0, 0, 0)
theta_limit=[2.0943951023931953, 2.8797932657906435]
speed_limit=10
ladder_distance=0.34
final_state=(0.6806784082777885, 1.9198621771937625, -3.0, -2.5)
R=100
time_panalization=50
init_guess=[0.0, 0.5]
max_timestep=0.8
min_timestep=0.1
